image: /home/qingqing/autobot/maps/utias-sim-E7.pgm
resolution: 0.050000
origin: [-40.290000, -12.400000, 0.000000]
negate: 0
occupied_thresh: 0.65
free_thresh: 0.196

